./type2/3937.png,8,11,19,15,20,20,20,20,12,11,13,14,14
./type0/6078.png,0,8,11,14,12,15,20,20,12,16,1,7,13
./type8/1032.png,0,8,11,14,12,15,20,20,12,16,2,1,13
./type7/1171.png,0,8,11,13,12,15,20,20,12,15,8,1,13
./type5/5059.png,0,8,11,15,20,20,20,20,12,15,5,0,13
./type6/5749.png,0,8,11,15,20,20,20,20,12,15,5,7,13
./type4/5765.png,4,6,10,11,13,12,15,20,12,2,13,14,14
./type6/5720.png,4,6,10,11,14,12,15,20,12,8,13,14,14
./type4/3604.png,0,8,11,13,12,15,20,20,12,15,3,9,13
./type5/2904.png,8,11,17,12,15,20,20,20,12,11,13,14,14
